4.183750933980006 3.444139029866405 4.188808768748333 3.4537544861304474
8.089651692920441 2.323331524276183 8.093394856840655 2.330934562226423
8.603951115883625 4.645380111810225 8.610193231160252 4.6521424676718475
9.830610138879074 9.91832101567253 9.836387977812779 9.926471389404707
3.4515742284645343 7.375604265418772 3.4528544318655103 7.382746388962191
7.334639904709723 0.6437086324007912 7.339629922131252 0.6468580874045514
7.971102807205495 0.31473747304988087 7.977079142373667 0.319123663909134
7.304869974286624 5.550859851443677 7.305155924483464 5.554750026445811
9.066032081287105 8.62807037540908 9.068362825301767 8.636333674211288
5.766824319310522 5.594096813444867 5.770375158503481 5.601339616270323
6.204115292250567 5.477222069706372 6.212126116889259 5.482578670023379
3.4393845588796634 5.121506369455361 3.4434081625716075 5.128375803377155
8.653128153320324 7.557234553175211 8.660121735326268 7.558351909968733
7.109214588593172 1.720869832783295 7.117276615024203 1.7213009197491167
0.6599117507604568 7.901876451389653 0.6697974581590356 7.903777339700452
0.4818382246282993 3.837519363009786 0.4827127295908305 3.842258218925145
0.8542641844116361 7.158255896890364 0.8546383981080784 7.164767989027522
1.777989130901001 7.640683357301455 1.779790145870017 7.6456037923896245
9.006920157995769 5.156524746650529 9.016396120710406 5.16362642484318
9.81506304938026 1.088569860322639 9.824768929684732 1.091792140983361
5.181149028803959 4.178876474729528 5.18121235216837 4.1842263275598235
5.979701735659663 1.1111263184047837 5.985407186760327 1.112192123871529
0.714347013372385 9.693833069646725 0.7197460684023755 9.696029909829756
0.2223044407763053 4.520866880493885 0.22481248232758844 4.523325458899269
3.9106381731881212 7.786330395563466 3.9126772445651126 7.789967573935141
9.842477397902062 9.198180000915828 9.851164169418405 9.202587059771327
2.3204018250296787 7.622655413313819 2.3252156381888143 7.6233537325380665
5.820678562735406 9.771309626860722 5.827170608590795 9.774481622466885
3.509741644004367 3.950198557480239 3.51079223140212 3.9536554158237776
6.849326863197293 0.08613033068438747 6.855219438730076 0.08962855432645299
