4.468825540359374 9.98852336955331 4.473147732184989 9.99445613905068
1.5385514867062966 5.976321223020745 1.5445159378000441 5.983275835468082
7.906210340712766 5.896881770209448 7.914666829408082 5.899630382869834
3.6300055085687832 9.883325895332193 3.6367509561716824 9.88531937127714
4.874783525808909 5.906797378591666 4.875515199731973 5.913327789649109
1.0109075275088941 0.5915918196537995 1.015643835185885 0.5958658712212412
0.35682106042870365 6.067892638497704 0.3613127902218255 6.07599999185598
0.6253525396744186 7.092157513318094 0.6313381143978706 7.0981437485738015
4.515430612685178 9.072431235417248 4.515987219686316 9.080914145067382
1.8175125324502361 0.532650158098984 1.821299920573951 0.5418804927281338
2.483279799723107 4.4223710675870915 2.4852900545515055 4.43094128341199
5.318544908898567 4.332841897652594 5.324886903254954 4.3366855411406116
9.227419178186175 8.381026852052457 9.232464968234293 8.383492271054036
1.1914553821155827 9.230969731163043 1.1987723170661526 9.231690233462079
2.0809656831612644 6.5835023838648805 2.084641790210825 6.592978842730949
7.50023036236763 9.608478217567061 7.5084287841899275 9.61580635404648
6.622952542340224 9.437640646258384 6.628102079578314 9.43816643650746
2.7651878182470577 6.156013342619996 2.768986947987079 6.156148736803574
5.6089754860827306 2.925385130831877 5.6180533757699305 2.9276758813120716
7.040394016272665 4.561213924982702 7.04568144109018 4.564964314588792
